Posición	|	Numero 
1	|	0 
2	|	1 
3	|	2 
4	|	3 
5	|	4 
6	|	5 
7	|	7 
8	|	9 
9	|	11 
10	|	13 
11	|	17 
12	|	19 
13	|	23 
14	|	25 
15	|	29 
16	|	31 
17	|	37 
18	|	41 
19	|	43 
20	|	47 
21	|	49 
22	|	53 
23	|	59 
24	|	61 
25	|	67 
26	|	71 
27	|	73 
28	|	79 
29	|	83 
30	|	89 
31	|	97 
32	|	101 
33	|	103 
34	|	107 
35	|	109 
36	|	113 
37	|	121 
38	|	127 
39	|	131 
40	|	137 
41	|	139 
42	|	149 
43	|	151 
44	|	157 
45	|	163 
46	|	167 
47	|	169 
48	|	173 
49	|	179 
50	|	181 
51	|	191 
52	|	193 
53	|	197 
54	|	199 
55	|	211 
56	|	223 
57	|	227 
58	|	229 
59	|	233 
60	|	239 
61	|	241 
62	|	251 
63	|	257 
64	|	263 
65	|	269 
66	|	271 
67	|	277 
68	|	281 
69	|	283 
70	|	289 
71	|	293 
72	|	307 
73	|	311 
74	|	313 
75	|	317 
76	|	331 
77	|	337 
78	|	347 
79	|	349 
80	|	353 
81	|	359 
82	|	361 
83	|	367 
84	|	373 
85	|	379 
86	|	383 
87	|	389 
88	|	397 
89	|	401 
90	|	409 
91	|	419 
92	|	421 
93	|	431 
94	|	433 
95	|	439 
96	|	443 
97	|	449 
98	|	457 
99	|	461 
100	|	463 
101	|	467 
102	|	479 
103	|	487 
104	|	491 
105	|	499 
106	|	503 
107	|	509 
108	|	521 
109	|	523 
110	|	529 
111	|	541 
112	|	547 
113	|	557 
114	|	563 
115	|	569 
116	|	571 
117	|	577 
118	|	587 
119	|	593 
120	|	599 
121	|	601 
122	|	607 
123	|	613 
124	|	617 
125	|	619 
126	|	631 
127	|	641 
128	|	643 
129	|	647 
130	|	653 
131	|	659 
132	|	661 
133	|	673 
134	|	677 
135	|	683 
136	|	691 
137	|	701 
138	|	709 
139	|	719 
140	|	727 
141	|	733 
142	|	739 
143	|	743 
144	|	751 
145	|	757 
146	|	761 
147	|	769 
148	|	773 
149	|	787 
150	|	797 
151	|	809 
152	|	811 
153	|	821 
154	|	823 
155	|	827 
156	|	829 
157	|	839 
158	|	841 
159	|	853 
160	|	857 
161	|	859 
162	|	863 
163	|	877 
164	|	881 
165	|	883 
166	|	887 
167	|	907 
168	|	911 
169	|	919 
170	|	929 
171	|	937 
172	|	941 
173	|	947 
174	|	953 
175	|	961 
176	|	967 
177	|	971 
178	|	977 
179	|	983 
180	|	991 
181	|	997 
182	|	1009 
183	|	1013 
184	|	1019 
185	|	1021 
186	|	1031 
187	|	1033 
188	|	1039 
189	|	1049 
190	|	1051 
191	|	1061 
192	|	1063 
193	|	1069 
194	|	1087 
195	|	1091 
196	|	1093 
197	|	1097 
198	|	1103 
199	|	1109 
200	|	1117 
201	|	1123 
202	|	1129 
203	|	1151 
204	|	1153 
205	|	1163 
206	|	1171 
207	|	1181 
208	|	1187 
209	|	1193 
210	|	1201 
211	|	1213 
212	|	1217 
213	|	1223 
214	|	1229 
215	|	1231 
216	|	1237 
217	|	1249 
218	|	1259 
219	|	1277 
220	|	1279 
221	|	1283 
222	|	1289 
223	|	1291 
224	|	1297 
225	|	1301 
226	|	1303 
227	|	1307 
228	|	1319 
229	|	1321 
230	|	1327 
231	|	1361 
232	|	1367 
233	|	1369 
234	|	1373 
235	|	1381 
236	|	1399 
237	|	1409 
238	|	1423 
239	|	1427 
240	|	1429 
241	|	1433 
242	|	1439 
243	|	1447 
244	|	1451 
245	|	1453 
246	|	1459 
247	|	1471 
248	|	1481 
249	|	1483 
250	|	1487 
251	|	1489 
252	|	1493 
253	|	1499 
254	|	1511 
255	|	1523 
256	|	1531 
257	|	1543 
258	|	1549 
259	|	1553 
260	|	1559 
261	|	1567 
262	|	1571 
263	|	1579 
264	|	1583 
265	|	1597 
266	|	1601 
267	|	1607 
268	|	1609 
269	|	1613 
270	|	1619 
271	|	1621 
272	|	1627 
273	|	1637 
274	|	1657 
275	|	1663 
276	|	1667 
277	|	1669 
278	|	1681 
279	|	1693 
280	|	1697 
281	|	1699 
282	|	1709 
283	|	1721 
284	|	1723 
285	|	1733 
286	|	1741 
287	|	1747 
288	|	1753 
289	|	1759 
290	|	1777 
291	|	1783 
292	|	1787 
293	|	1789 
294	|	1801 
295	|	1811 
296	|	1823 
297	|	1831 
298	|	1847 
299	|	1849 
300	|	1861 
301	|	1867 
302	|	1871 
303	|	1873 
304	|	1877 
305	|	1879 
306	|	1889 
307	|	1901 
308	|	1907 
309	|	1913 
310	|	1931 
311	|	1933 
312	|	1949 
313	|	1951 
314	|	1973 
315	|	1979 
316	|	1987 
317	|	1993 
318	|	1997 
319	|	1999 
320	|	2003 
321	|	2011 
322	|	2017 
323	|	2027 
324	|	2029 
325	|	2039 
326	|	2053 
327	|	2063 
328	|	2069 
329	|	2081 
330	|	2083 
331	|	2087 
332	|	2089 
333	|	2099 
334	|	2111 
335	|	2113 
336	|	2129 
337	|	2131 
338	|	2137 
339	|	2141 
340	|	2143 
341	|	2153 
342	|	2161 
343	|	2179 
344	|	2203 
345	|	2207 
346	|	2209 
347	|	2213 
348	|	2221 
349	|	2237 
350	|	2239 
351	|	2243 
352	|	2251 
353	|	2267 
354	|	2269 
355	|	2273 
356	|	2281 
357	|	2287 
358	|	2293 
359	|	2297 
360	|	2309 
361	|	2311 
362	|	2333 
363	|	2339 
364	|	2341 
365	|	2347 
366	|	2351 
367	|	2357 
368	|	2371 
369	|	2377 
370	|	2381 
371	|	2383 
372	|	2389 
373	|	2393 
374	|	2399 
375	|	2411 
376	|	2417 
377	|	2423 
378	|	2437 
379	|	2441 
380	|	2447 
381	|	2459 
382	|	2467 
383	|	2473 
384	|	2477 
385	|	2503 
386	|	2521 
387	|	2531 
388	|	2539 
389	|	2543 
390	|	2549 
391	|	2551 
392	|	2557 
393	|	2579 
394	|	2591 
395	|	2593 
396	|	2609 
397	|	2617 
398	|	2621 
399	|	2633 
400	|	2647 
401	|	2657 
402	|	2659 
403	|	2663 
404	|	2671 
405	|	2677 
406	|	2683 
407	|	2687 
408	|	2689 
409	|	2693 
410	|	2699 
411	|	2707 
412	|	2711 
413	|	2713 
414	|	2719 
415	|	2729 
416	|	2731 
417	|	2741 
418	|	2749 
419	|	2753 
420	|	2767 
421	|	2777 
422	|	2789 
423	|	2791 
424	|	2797 
425	|	2801 
426	|	2803 
427	|	2809 
428	|	2819 
429	|	2833 
430	|	2837 
431	|	2843 
432	|	2851 
433	|	2857 
434	|	2861 
435	|	2879 
436	|	2887 
437	|	2897 
438	|	2903 
439	|	2909 
440	|	2917 
441	|	2927 
442	|	2939 
443	|	2953 
444	|	2957 
445	|	2963 
446	|	2969 
447	|	2971 
448	|	2999 
449	|	3001 
450	|	3011 
451	|	3019 
452	|	3023 
453	|	3037 
454	|	3041 
455	|	3049 
456	|	3061 
457	|	3067 
458	|	3079 
459	|	3083 
460	|	3089 
461	|	3109 
462	|	3119 
463	|	3121 
464	|	3137 
465	|	3163 
466	|	3167 
467	|	3169 
468	|	3181 
469	|	3187 
470	|	3191 
471	|	3203 
472	|	3209 
473	|	3217 
474	|	3221 
475	|	3229 
476	|	3251 
477	|	3253 
478	|	3257 
479	|	3259 
480	|	3271 
481	|	3299 
482	|	3301 
483	|	3307 
484	|	3313 
485	|	3319 
486	|	3323 
487	|	3329 
488	|	3331 
489	|	3343 
490	|	3347 
491	|	3359 
492	|	3361 
493	|	3371 
494	|	3373 
495	|	3389 
496	|	3391 
497	|	3407 
498	|	3413 
499	|	3433 
500	|	3449 
501	|	3457 
502	|	3461 
503	|	3463 
504	|	3467 
505	|	3469 
506	|	3481 
507	|	3491 
508	|	3499 
509	|	3511 
510	|	3517 
511	|	3527 
512	|	3529 
513	|	3533 
514	|	3539 
515	|	3541 
516	|	3547 
517	|	3557 
518	|	3559 
519	|	3571 
520	|	3581 
521	|	3583 
522	|	3593 
523	|	3607 
524	|	3613 
525	|	3617 
526	|	3623 
527	|	3631 
528	|	3637 
529	|	3643 
530	|	3659 
531	|	3671 
532	|	3673 
533	|	3677 
534	|	3691 
535	|	3697 
536	|	3701 
537	|	3709 
538	|	3719 
539	|	3721 
540	|	3727 
541	|	3733 
542	|	3739 
543	|	3761 
544	|	3767 
545	|	3769 
546	|	3779 
547	|	3793 
548	|	3797 
549	|	3803 
550	|	3821 
551	|	3823 
552	|	3833 
553	|	3847 
554	|	3851 
555	|	3853 
556	|	3863 
557	|	3877 
558	|	3881 
559	|	3889 
560	|	3907 
561	|	3911 
562	|	3917 
563	|	3919 
564	|	3923 
565	|	3929 
566	|	3931 
567	|	3943 
568	|	3947 
569	|	3967 
570	|	3989 
571	|	4001 
572	|	4003 
573	|	4007 
574	|	4013 
575	|	4019 
576	|	4021 
577	|	4027 
578	|	4049 
579	|	4051 
580	|	4057 
581	|	4073 
582	|	4079 
583	|	4091 
584	|	4093 
585	|	4099 
586	|	4111 
587	|	4127 
588	|	4129 
589	|	4133 
590	|	4139 
591	|	4153 
592	|	4157 
593	|	4159 
594	|	4177 
595	|	4201 
596	|	4211 
597	|	4217 
598	|	4219 
599	|	4229 
600	|	4231 
601	|	4241 
602	|	4243 
603	|	4253 
604	|	4259 
605	|	4261 
606	|	4271 
607	|	4273 
608	|	4283 
609	|	4289 
610	|	4297 
611	|	4327 
612	|	4337 
613	|	4339 
614	|	4349 
615	|	4357 
616	|	4363 
617	|	4373 
618	|	4391 
619	|	4397 
620	|	4409 
621	|	4421 
622	|	4423 
623	|	4441 
624	|	4447 
625	|	4451 
626	|	4457 
627	|	4463 
628	|	4481 
629	|	4483 
630	|	4489 
631	|	4493 
632	|	4507 
633	|	4513 
634	|	4517 
635	|	4519 
636	|	4523 
637	|	4547 
638	|	4549 
639	|	4561 
640	|	4567 
641	|	4583 
642	|	4591 
643	|	4597 
644	|	4603 
645	|	4621 
646	|	4637 
647	|	4639 
648	|	4643 
649	|	4649 
650	|	4651 
651	|	4657 
652	|	4663 
653	|	4673 
654	|	4679 
655	|	4691 
656	|	4703 
657	|	4721 
658	|	4723 
659	|	4729 
660	|	4733 
661	|	4751 
662	|	4759 
663	|	4783 
664	|	4787 
665	|	4789 
666	|	4793 
667	|	4799 
668	|	4801 
669	|	4813 
670	|	4817 
671	|	4831 
672	|	4861 
673	|	4871 
674	|	4877 
675	|	4889 
676	|	4903 
677	|	4909 
678	|	4919 
679	|	4931 
680	|	4933 
681	|	4937 
682	|	4943 
683	|	4951 
684	|	4957 
685	|	4967 
686	|	4969 
687	|	4973 
688	|	4987 
689	|	4993 
690	|	4999 
691	|	5003 
692	|	5009 
693	|	5011 
694	|	5021 
695	|	5023 
696	|	5039 
697	|	5041 
698	|	5051 
699	|	5059 
700	|	5077 
701	|	5081 
702	|	5087 
703	|	5099 
704	|	5101 
705	|	5107 
706	|	5113 
707	|	5119 
708	|	5147 
709	|	5153 
710	|	5167 
711	|	5171 
712	|	5179 
713	|	5189 
714	|	5197 
715	|	5209 
716	|	5227 
717	|	5231 
718	|	5233 
719	|	5237 
720	|	5261 
721	|	5273 
722	|	5279 
723	|	5281 
724	|	5297 
725	|	5303 
726	|	5309 
727	|	5323 
728	|	5329 
729	|	5333 
730	|	5347 
731	|	5351 
732	|	5381 
733	|	5387 
734	|	5393 
735	|	5399 
736	|	5407 
737	|	5413 
738	|	5417 
739	|	5419 
740	|	5431 
741	|	5437 
742	|	5441 
743	|	5443 
744	|	5449 
745	|	5471 
746	|	5477 
747	|	5479 
748	|	5483 
749	|	5501 
750	|	5503 
751	|	5507 
752	|	5519 
753	|	5521 
754	|	5527 
755	|	5531 
756	|	5557 
757	|	5563 
758	|	5569 
759	|	5573 
760	|	5581 
761	|	5591 
762	|	5623 
763	|	5639 
764	|	5641 
765	|	5647 
766	|	5651 
767	|	5653 
768	|	5657 
769	|	5659 
770	|	5669 
771	|	5683 
772	|	5689 
773	|	5693 
774	|	5701 
775	|	5711 
776	|	5717 
777	|	5737 
778	|	5741 
779	|	5743 
780	|	5749 
781	|	5779 
782	|	5783 
783	|	5791 
784	|	5801 
785	|	5807 
786	|	5813 
787	|	5821 
788	|	5827 
789	|	5839 
790	|	5843 
791	|	5849 
792	|	5851 
793	|	5857 
794	|	5861 
795	|	5867 
796	|	5869 
797	|	5879 
798	|	5881 
799	|	5897 
800	|	5903 
801	|	5923 
802	|	5927 
803	|	5939 
804	|	5953 
805	|	5981 
806	|	5987 
807	|	6007 
808	|	6011 
809	|	6029 
810	|	6037 
811	|	6043 
812	|	6047 
813	|	6053 
814	|	6067 
815	|	6073 
816	|	6079 
817	|	6089 
818	|	6091 
819	|	6101 
820	|	6113 
821	|	6121 
822	|	6131 
823	|	6133 
824	|	6143 
825	|	6151 
826	|	6163 
827	|	6173 
828	|	6197 
829	|	6199 
830	|	6203 
831	|	6211 
832	|	6217 
833	|	6221 
834	|	6229 
835	|	6241 
836	|	6247 
837	|	6257 
838	|	6263 
839	|	6269 
840	|	6271 
841	|	6277 
842	|	6287 
843	|	6299 
844	|	6301 
845	|	6311 
846	|	6317 
847	|	6323 
848	|	6329 
849	|	6337 
850	|	6343 
851	|	6353 
852	|	6359 
853	|	6361 
854	|	6367 
855	|	6373 
856	|	6379 
857	|	6389 
858	|	6397 
859	|	6421 
860	|	6427 
861	|	6449 
862	|	6451 
863	|	6469 
864	|	6473 
865	|	6481 
866	|	6491 
867	|	6521 
868	|	6529 
869	|	6547 
870	|	6551 
871	|	6553 
872	|	6563 
873	|	6569 
874	|	6571 
875	|	6577 
876	|	6581 
877	|	6599 
878	|	6607 
879	|	6619 
880	|	6637 
881	|	6653 
882	|	6659 
883	|	6661 
884	|	6673 
885	|	6679 
886	|	6689 
887	|	6691 
888	|	6701 
889	|	6703 
890	|	6709 
891	|	6719 
892	|	6733 
893	|	6737 
894	|	6761 
895	|	6763 
896	|	6779 
897	|	6781 
898	|	6791 
899	|	6793 
900	|	6803 
901	|	6823 
902	|	6827 
903	|	6829 
904	|	6833 
905	|	6841 
906	|	6857 
907	|	6863 
908	|	6869 
909	|	6871 
910	|	6883 
911	|	6889 
912	|	6899 
913	|	6907 
914	|	6911 
915	|	6917 
916	|	6947 
917	|	6949 
918	|	6959 
919	|	6961 
920	|	6967 
921	|	6971 
922	|	6977 
923	|	6983 
924	|	6991 
925	|	6997 
926	|	7001 
927	|	7013 
928	|	7019 
929	|	7027 
930	|	7039 
931	|	7043 
932	|	7057 
933	|	7069 
934	|	7079 
935	|	7103 
936	|	7109 
937	|	7121 
938	|	7127 
939	|	7129 
940	|	7151 
941	|	7159 
942	|	7177 
943	|	7187 
944	|	7193 
945	|	7207 
946	|	7211 
947	|	7213 
948	|	7219 
949	|	7229 
950	|	7237 
951	|	7243 
952	|	7247 
953	|	7253 
954	|	7283 
955	|	7297 
956	|	7307 
957	|	7309 
958	|	7321 
959	|	7331 
960	|	7333 
961	|	7349 
962	|	7351 
963	|	7369 
964	|	7393 
965	|	7411 
966	|	7417 
967	|	7433 
968	|	7451 
969	|	7457 
970	|	7459 
971	|	7477 
972	|	7481 
973	|	7487 
974	|	7489 
975	|	7499 
976	|	7507 
977	|	7517 
978	|	7523 
979	|	7529 
980	|	7537 
981	|	7541 
982	|	7547 
983	|	7549 
984	|	7559 
985	|	7561 
986	|	7573 
987	|	7577 
988	|	7583 
989	|	7589 
990	|	7591 
991	|	7603 
992	|	7607 
993	|	7621 
994	|	7639 
995	|	7643 
996	|	7649 
997	|	7669 
998	|	7673 
999	|	7681 
1000	|	7687 
1001	|	7691 
1002	|	7699 
1003	|	7703 
1004	|	7717 
1005	|	7723 
1006	|	7727 
1007	|	7741 
1008	|	7753 
1009	|	7757 
1010	|	7759 
1011	|	7789 
1012	|	7793 
1013	|	7817 
1014	|	7823 
1015	|	7829 
1016	|	7841 
1017	|	7853 
1018	|	7867 
1019	|	7873 
1020	|	7877 
1021	|	7879 
1022	|	7883 
1023	|	7901 
1024	|	7907 
1025	|	7919 
1026	|	7921 
1027	|	7927 
1028	|	7933 
1029	|	7937 
1030	|	7949 
1031	|	7951 
1032	|	7963 
1033	|	7993 
1034	|	8009 
1035	|	8011 
1036	|	8017 
1037	|	8039 
1038	|	8053 
1039	|	8059 
1040	|	8069 
1041	|	8081 
1042	|	8087 
1043	|	8089 
1044	|	8093 
1045	|	8101 
1046	|	8111 
1047	|	8117 
1048	|	8123 
1049	|	8147 
1050	|	8161 
1051	|	8167 
1052	|	8171 
1053	|	8179 
1054	|	8191 
1055	|	8209 
1056	|	8219 
1057	|	8221 
1058	|	8231 
1059	|	8233 
1060	|	8237 
1061	|	8243 
1062	|	8263 
1063	|	8269 
1064	|	8273 
1065	|	8287 
1066	|	8291 
1067	|	8293 
1068	|	8297 
1069	|	8311 
1070	|	8317 
1071	|	8329 
1072	|	8353 
1073	|	8363 
1074	|	8369 
1075	|	8377 
1076	|	8387 
1077	|	8389 
1078	|	8419 
1079	|	8423 
1080	|	8429 
1081	|	8431 
1082	|	8443 
1083	|	8447 
1084	|	8461 
1085	|	8467 
1086	|	8501 
1087	|	8513 
1088	|	8521 
1089	|	8527 
1090	|	8537 
1091	|	8539 
1092	|	8543 
1093	|	8563 
1094	|	8573 
1095	|	8581 
1096	|	8597 
1097	|	8599 
1098	|	8609 
1099	|	8623 
1100	|	8627 
1101	|	8629 
1102	|	8641 
1103	|	8647 
1104	|	8663 
1105	|	8669 
1106	|	8677 
1107	|	8681 
1108	|	8689 
1109	|	8693 
1110	|	8699 
1111	|	8707 
1112	|	8713 
1113	|	8719 
1114	|	8731 
1115	|	8737 
1116	|	8741 
1117	|	8747 
1118	|	8753 
1119	|	8761 
1120	|	8779 
1121	|	8783 
1122	|	8803 
1123	|	8807 
1124	|	8819 
1125	|	8821 
1126	|	8831 
1127	|	8837 
1128	|	8839 
1129	|	8849 
1130	|	8861 
1131	|	8863 
1132	|	8867 
1133	|	8887 
1134	|	8893 
1135	|	8923 
1136	|	8929 
1137	|	8933 
1138	|	8941 
1139	|	8951 
1140	|	8963 
1141	|	8969 
1142	|	8971 
1143	|	8999 
1144	|	9001 
1145	|	9007 
1146	|	9011 
1147	|	9013 
1148	|	9029 
1149	|	9041 
1150	|	9043 
1151	|	9049 
1152	|	9059 
1153	|	9067 
1154	|	9091 
1155	|	9103 
1156	|	9109 
1157	|	9127 
1158	|	9133 
1159	|	9137 
1160	|	9151 
1161	|	9157 
1162	|	9161 
1163	|	9173 
1164	|	9181 
1165	|	9187 
1166	|	9199 
1167	|	9203 
1168	|	9209 
1169	|	9221 
1170	|	9227 
1171	|	9239 
1172	|	9241 
1173	|	9257 
1174	|	9277 
1175	|	9281 
1176	|	9283 
1177	|	9293 
1178	|	9311 
1179	|	9319 
1180	|	9323 
1181	|	9337 
1182	|	9341 
1183	|	9343 
1184	|	9349 
1185	|	9371 
1186	|	9377 
1187	|	9391 
1188	|	9397 
1189	|	9403 
1190	|	9409 
1191	|	9413 
1192	|	9419 
1193	|	9421 
1194	|	9431 
1195	|	9433 
1196	|	9437 
1197	|	9439 
1198	|	9461 
1199	|	9463 
1200	|	9467 
1201	|	9473 
1202	|	9479 
1203	|	9491 
1204	|	9497 
1205	|	9511 
1206	|	9521 
1207	|	9533 
1208	|	9539 
1209	|	9547 
1210	|	9551 
1211	|	9587 
1212	|	9601 
1213	|	9613 
1214	|	9619 
1215	|	9623 
1216	|	9629 
1217	|	9631 
1218	|	9643 
1219	|	9649 
1220	|	9661 
1221	|	9677 
1222	|	9679 
1223	|	9689 
1224	|	9697 
1225	|	9719 
1226	|	9721 
1227	|	9733 
1228	|	9739 
1229	|	9743 
1230	|	9749 
1231	|	9767 
1232	|	9769 
1233	|	9781 
1234	|	9787 
1235	|	9791 
1236	|	9803 
1237	|	9811 
1238	|	9817 
1239	|	9829 
1240	|	9833 
1241	|	9839 
1242	|	9851 
1243	|	9857 
1244	|	9859 
1245	|	9871 
1246	|	9883 
1247	|	9887 
1248	|	9901 
1249	|	9907 
1250	|	9923 
1251	|	9929 
1252	|	9931 
1253	|	9941 
1254	|	9949 
1255	|	9967 
1256	|	9973 
